5 4 3

start
course 1
1    1    1    1    1    0    0
1    1    1    1    1    0    0
1    1    1    1    1    0    0
1    1    1    1    1    0    0
1    1    1    1    1    0    0
course 2
1    1    1    1    1    0    0
1    1    1    1    1    0    0
1    1    1    1    1    0    0
1    1    1    1    1    0    0
1    1    1    1    1    0    0
course 3
1    1    1    1    1    0    0
1    1    1    1    1    0    0
1    1    1    1    1    0    0
1    1    1    1    1    0    0
1    1    1    1    1    0    0
course 4
0    1    1    1    1    1    1
0    1    1    1    1    1    1
0    1    1    1    1    1    1
0    1    1    1    1    1    1
0    1    1    1    1    1    1
course 5
0    1    1    1    1    1    1
0    1    1    1    1    1    1
0    1    1    1    1    1    1
0    1    1    1    1    1    1
0    1    1    1    1    1    1
course 6
0    1    1    1    1    1    1
0    1    1    1    1    1    1
0    1    1    1    1    1    1
0    1    1    1    1    1    1
0    1    1    1    1    1    1
course 7
0    1    1    1    1    1    1
0    1    1    1    1    1    1
0    1    1    1    1    1    1
0    1    1    1    1    1    1
0    1    1    1    1    1    1
course 8
0    1    1    1    1    1    1
0    1    1    1    1    1    1
0    1    1    1    1    1    1
0    1    1    1    1    1    1
0    1    1    1    1    1    1
course 9
0    1    1    1    1    1    1
0    1    1    1    1    1    1
0    1    1    1    1    1    1
0    1    1    1    1    1    1
0    1    1    1    1    1    1
course 10
0    0    0    1    1    1    1
0    0    0    1    1    1    1
0    0    0    1    1    1    1
0    0    0    1    1    1    1
0    0    0    1    1    1    1
course 11
0    0    0    0    0    0    1
0    0    0    0    0    0    0
0    0    0    0    0    0    0
0    0    0    0    0    0    0
0    0    0    0    0    0    0
course 12
0    1    1    1    1    1    1
0    1    1    1    1    1    1
0    1    1    1    1    1    1
0    1    1    1    1    1    1
0    1    1    1    1    1    1
course 13
0    0    0    1    1    1    1
0    0    0    1    1    1    1
0    0    0    1    1    1    1
0    0    0    1    1    1    1
0    0    0    1    1    1    1
course 14
0    1    1    1    1    1    1
0    1    1    1    1    1    1
0    1    1    1    1    1    1
0    1    1    1    1    1    1
0    1    1    1    1    1    1
course 15
1    1    1    1    1    1    1
1    1    1    1    1    1    1
1    1    1    1    1    1    1
1    1    1    1    1    1    1
1    1    1    1    1    1    1
end

1
3  1  2  3
4

1
1 2
1 3

6
27  31  11  6  12  46

1
1 3

pstart
class 1
0	0	0	0	0	0   0
0	0	0	0	0	0   0
0	0	0	0	0	0   0
0	0	0	0	0	0   0
0	0	0	0	0	0   0
class 2
0	0	0	0	0	0   0
0	0	0	0	0	0   0
0	0	0	0	0	0   0
0	0	0	0	0	0   0
0	0	0	0	0	0   0
class 3
0	0	0	0	0	0   0
0	0	0	0	0	0   0
0	0	0	0	0	0   0
0	0	0	0	0	0   0
0	0	0	0	0	0   0
pend
