5    4    4   

start
course    1
1    1    1    1    1    1    0    0    
1    1    1    1    1    1    0    0    
1    1    1    1    1    1    0    0    
1    1    1    1    1    1    0    0    
1    1    1    1    1    1    0    0    
course    2
1    1    1    1    1    1    0    0    
1    1    1    1    1    1    0    0    
1    1    1    1    1    1    0    0    
1    1    1    1    1    1    0    0    
1    1    1    1    1    1    0    0        
course    3
1    1    1    1    1    1    0    0    
1    1    1    1    1    1    0    0    
1    1    1    1    1    1    0    0    
1    1    1    1    1    1    0    0    
1    1    1    1    1    1    0    0        
course    4
0    0    1    1    1    1    1    1    
0    0    1    1    1    1    1    1    
0    0    1    1    1    1    1    1    
0    0    1    1    1    1    1    1    
0    0    1    1    1    1    1    1    
course    5
0    0    1    1    1    1    1    1    
0    0    1    1    1    1    1    1    
0    0    1    1    1    1    1    1    
0    0    1    1    1    1    1    1    
0    0    1    1    1    1    1    1      
course    6
0    0    1    1    1    1    1    1    
0    0    1    1    1    1    1    1    
0    0    1    1    1    1    1    1    
0    0    1    1    1    1    1    1    
0    0    1    1    1    1    1    1    
course    7
0    0    1    1    1    1    1    1    
0    0    1    1    1    1    1    1    
0    0    1    1    1    1    1    1    
0    0    1    1    1    1    1    1    
0    0    1    1    1    1    1    1      
course    8
0    0    1    1    1    1    1    1    
0    0    1    1    1    1    1    1    
0    0    1    1    1    1    1    1    
0    0    1    1    1    1    1    1    
0    0    1    1    1    1    1    1       
course    9
0    0    1    1    1    1    1    1    
0    0    1    1    1    1    1    1    
0    0    1    1    1    1    1    1    
0    0    1    1    1    1    1    1    
0    0    1    1    1    1    1    1    
course    10
0    0    0    1    1    1    1    1    
0    0    0    1    1    1    1    1    
0    0    0    1    1    1    1    1    
0    0    0    1    1    1    1    1    
0    0    0    1    1    1    1    1      
course    11
0    0    0    1    1    1    1    1    
0    0    0    1    1    1    1    1    
0    0    0    1    1    1    1    1    
0    0    0    1    1    1    1    1    
0    0    0    1    1    1    1    1  
course    12
0    0    0    0    0    0    0    1    
0    0    0    0    0    0    0    0    
0    0    0    0    0    0    0    0    
0    0    0    0    0    0    0    0   
0    0    0    0    0    0    0    0  
teacher    1    1
1    1    1    1    0    1    1    1    
1    1    1    1    0    1    1    1    
1    1    1    1    0    1    1    1    
1    1    1    1    0    1    1    1    
1    1    1    1    0    1    1    1    
teacher    2    1
0    0    1    1    1    1    1    1    
0    0    1    1    1    1    1    1    
0    0    1    1    1    1    1    1    
0    0    1    1    1    1    1    1    
0    0    1    1    1    1    1    1    
teacher    3    1
1    1    1    1    1    1    1    1    
1    1    1    1    1    1    1    1    
1    1    1    1    1    1    1    1    
1    1    1    1    1    1    1    1    
1    1    1    1    1    1    1    1    
teacher    4    1
1    1    1    1    1    1    1    1    
1    1    1    1    1    1    1    1    
1    1    1    1    1    1    1    1    
1    1    1    1    1    1    1    1    
1    1    1    1    1    1    1    1    
teacher    5    1
0    1    1    1    1    1    1    1    
0    1    1    1    1    1    1    1    
0    1    1    1    1    1    1    1    
0    1    1    1    1    1    1    1    
0    1    1    1    1    1    1    1      
teacher    6    1
0    1    1    1    1    1    1    1    
0    1    1    1    1    1    1    1    
0    1    1    1    1    1    1    1    
0    1    1    1    1    1    1    1    
0    1    1    1    1    1    1    1    
teacher    7    1
1    1    1    0    0    1    1    1    
1    1    1    0    0    1    1    1    
1    1    1    0    0    1    1    1    
1    1    0    0    1    1    1    1    
1    1    1    0    0    1    1    1    
teacher    8    1
1    1    1    1    1    1    1    1    
1    1    1    1    1    1    1    1    
1    1    1    1    1    1    1    1    
1    1    1    1    1    1    1    1    
1    1    1    1    1    1    1    1    
teacher    9    1
1    1    1    1    1    1    1    1    
1    1    1    1    1    1    1    1    
1    1    1    1    1    1    1    1    
1    1    1    1    1    1    1    1    
1    1    1    1    1    1    1    1    
teacher    10    1
1    1    1    1    1    1    1    1    
1    1    1    1    1    1    1    1    
1    1    1    1    1    1    1    1    
1    1    1    1    1    1    1    1    
1    1    1    1    1    1    1    1    
teacher    11    1
1    1    1    1    1    1    1    1    
1    1    1    1    1    1    1    1    
1    1    1    1    1    1    1    1    
1    1    1    1    1    1    1    1    
1    1    1    1    1    1    1    1    
teacher    12    1
1    1    1    1    1    1    1    1    
1    1    1    1    1    1    1    1    
1    1    1    1    1    1    1    1    
1    1    1    1    1    1    1    1    
1    1    1    1    1    1    1    1    
teacher    13    1
1    1    1    1    1    1    1    1    
1    1    1    1    1    1    1    1    
1    1    1    1    1    1    1    1    
1    1    1    1    1    1    1    1    
1    1    1    1    1    1    1    1    
teacher    14    1
1    1    1    1    1    1    1    1    
1    1    1    1    1    1    1    1    
1    1    1    1    1    1    1    1    
1    1    1    1    1    1    1    1    
1    1    1    1    1    1    1    1    
teacher    15    1
1    1    1    1    1    1    1    1    
1    1    1    1    1    1    1    1    
1    1    1    1    1    1    1    1    
1    1    1    1    1    1    1    1    
1    1    1    1    1    1    1    1    
teacher    16    1
1    1    1    1    1    1    1    1    
1    1    1    1    1    1    1    1    
1    1    1    1    1    1    1    1    
1    1    1    1    1    1    1    1    
1    1    1    1    1    1    1    1    
teacher    17    1
1    1    1    1    1    1    1    1    
1    1    1    1    1    1    1    1    
1    1    1    1    1    1    1    1    
1    1    1    1    1    1    1    1    
1    1    1    1    1    1    1    1    
teacher    18    1
1    1    1    1    1    1    1    1    
1    1    1    1    1    1    1    1    
1    1    1    1    1    1    1    1    
1    1    1    1    1    1    1    1    
1    1    1    1    1    1    1    1    
teacher    19    1
1    1    1    1    1    1    1    1    
1    1    1    1    1    1    1    1    
1    1    1    1    1    1    1    1    
1    1    1    1    1    1    1    1    
1    1    1    1    1    1    1    1    
teacher    20    1
1    1    1    1    1    1    1    1    
1    1    1    1    1    1    1    1    
1    1    1    1    1    1    1    1    
1    1    1    1    1    1    1    1    
1    1    1    1    1    1    1    1    
teacher    21    1
1    1    1    1    1    1    1    1    
1    1    1    1    1    1    1    1    
1    1    1    1    1    1    1    1    
1    1    1    1    1    1    1    1    
1    1    1    1    1    1    1    1    
teacher    22    1
1    1    1    1    1    1    1    1    
1    1    1    1    1    1    1    1    
1    1    1    1    1    1    1    1    
1    1    1    1    1    1    1    1    
1    1    1    1    1    1    1    1    
teacher    23    1
1    1    1    1    1    1    1    1    
1    1    1    1    1    1    1    1    
1    1    1    1    1    1    1    1    
1    1    1    1    1    1    1    1    
1    1    1    1    1    1    1    1    
teacher    24    1
1    1    1    0    0    1    1    1    
1    1    1    0    0    1    1    1    
1    1    1    0    0    1    1    1    
1    1    1    0    0    1    1    1    
1    1    1    0    0    1    1    1    
teacher    25    1
1    1    1    1    1    1    1    1    
1    1    1    1    1    1    1    1    
1    1    1    1    1    1    1    1    
1    1    1    1    1    1    1    1    
1    1    1    1    1    1    1    1    
teacher    26    1
1    1    1    1    0    1    1    1    
1    1    1    1    0    1    1    1    
1    1    1    1    0    1    1    1    
1    1    1    1    0    1    1    1    
1    1    1    1    0    1    1    1    
teacher    27    1
1    1    1    1    1    1    1    1    
1    1    1    1    1    1    1    1    
1    1    1    1    1    1    1    1    
1    1    1    1    1    1    1    1    
1    1    1    1    1    1    1    1    
class    1
1    1    1    1    1    1    1    1    
1    1    1    1    1    1    1    1    
1    1    1    1    1    1    1    1    
1    1    1    1    1    1    1    1    
1    1    1    1    1    1    1    1    
class    2
1    1    1    1    1    1    1    1    
1    1    1    1    1    1    1    1    
1    1    1    1    1    1    1    1    
1    1    1    1    1    1    1    1    
1    1    1    1    1    1    1    1    
class    3
1    1    1    1    1    1    1    1    
1    1    1    1    1    1    1    1    
1    1    1    1    1    1    1    1    
1    1    1    1    1    1    1    1    
1    1    1    1    1    1    1    1    
class    4
1    1    1    1    1    1    1    1    
1    1    1    1    1    1    1    1    
1    1    1    1    1    1    1    1    
1    1    1    1    1    1    1    1    
1    1    1    1    1    1    1    1    
class    5
1    1    1    1    1    1    1    1    
1    1    1    1    1    1    1    1    
1    1    1    1    1    1    1    1    
1    1    1    1    1    1    1    1    
1    1    1    1    1    1    1    1    
end

1
3  1  2  3
4

3
4    2    
2    5    
5    2    
1    3    
6    2    
2    5    

pstart
class 1
1	0	0	0	0	0   0   0
0	0	0	0	0	0   0   0
1	0	0	0	0	0   0   0
0	0	0	0	0	0   0   0
0	0	0	0	0	0   0   0
class 2
0	0	0	0	0	0   0   0
2	0	0	0	0	0   0   0
0	0	0	0	0	0   0   0
2	0	0	0	0	0   0   0
0	0	0	0	0	0   0   0
class 3
0	0	0	0	0	0   0   0
0	0	0	0	0	0   0   0
0	0	0	0	0	0   0   0
0	0	0	0	0	0   0   0
0	0	0	0	0	0   0   0
pend
